0.99999999799999994554 0.00000000099999999955 0.00000000099999999955 
0.99999999800000005656 0.00000000099999999951 0.00000000099999999951 
0.00000000099999999951 0.99999999799999994554 0.00000000099999999951 
0.99999999800000005656 0.00000000099999999951 0.00000000099999999951 
0.00000000099999999949 0.99999999800000005656 0.00000000099999999949 
0.99136349605818652186 0.00000000099999999999 0.00863650294181350989 
0.00000000099999999980 0.99999999799999994554 0.00000000099999999980 
0.11774049511415350666 0.26978472002470149649 0.61247478486114503848 
0.99999999800000005656 0.00000000099999999953 0.00000000099999999953 
0.00475812216440128083 0.01738438894363583676 0.97785748889196288935 
0.99040272872573209550 0.00000000144817349145 0.00959726982609445528 
0.99999999800000005656 0.00000000099999999949 0.00000000099999999949 
0.99015497588363876602 0.00984502311636123104 0.00000000099999999976 
0.99575752329843836286 0.00424247570156163420 0.00000000099999999982 
0.99999999799999994554 0.00000000099999999954 0.00000000099999999954 
0.00000000099999999951 0.99999999799999994554 0.00000000099999999951 
0.00000000099999999955 0.99999999800000005656 0.00000000099999999955 
0.98334768690541207725 0.01665231209458793021 0.00000000099999999958 
0.80236163253323933287 0.11988245976132112791 0.07775590770543960861 
0.00000000099999999912 0.00000000099999999912 0.99999999800000005656 
0.08115213418486602603 0.74201720841235285775 0.17683065740278111622 
0.00632291868734719941 0.56680139609591950745 0.42687568521673319166 
0.52008192430990918265 0.00000093527969216255 0.47991714041039867933 
0.65858222391070997404 0.17991871617958971052 0.16149905990970037095 
0.04628382054193724837 0.73763522477877596639 0.21608095467928678524 
0.02251852200099237894 0.94776350701668710119 0.02971797098232054762 
0.06325014331708447846 0.93674985568291546656 0.00000000099999999960 
0.02328472937368398707 0.97671526962631594060 0.00000000099999999963 
0.03565002304377112852 0.96434997595622884425 0.00000000099999999953 
0.02301149700403939957 0.00000000099999999999 0.97698850199596054544 
0.01688908451089806209 0.14566163848540150672 0.83744927700370042079 
0.00221096952725717034 0.05454574816542867577 0.94324328230731413480 
0.00000000099999999999 0.00142879184738623302 0.99857120715261371569 
0.08555810724269712064 0.00159135918983031193 0.91285053356747258846 
0.00000000099999999927 0.00000000099999999927 0.99999999799999994554 
0.00000000099999999952 0.00000000099999999952 0.99999999799999994554 
0.04183376022584728293 0.12449986896144792092 0.83366637081270489329 
0.99999999799999994554 0.00000000099999999951 0.00000000099999999951 
0.00000185057143672207 0.99999814842856327157 0.00000000099999999979 
0.99999999799999994554 0.00000000099999999957 0.00000000099999999957 
0.99386124930411068323 0.00000000099999999999 0.00613874969588930602 
0.99999999800000005656 0.00000000099999999970 0.00000000099999999970 
0.00169447413603981403 0.99830552486396018086 0.00000000099999999952 
0.99632208332527738559 0.00000000099999999998 0.00367791567472264399 
0.00008040066424059412 0.99991959833575938532 0.00000000099999999957 
0.98592519712352322259 0.00000674059845796122 0.01406806227801880339 
0.03420211925750080845 0.96051578404304061021 0.00528209669945848247 
0.00000000099999999920 0.00000000099999999920 0.99999999800000005656 
0.99068410678096208155 0.00000000099999999999 0.00931589221903798489 
0.99831048028590529952 0.00168951871409469710 0.00000000099999999952 
0.03625097456063071377 0.96374902443936927288 0.00000000099999999951 
0.04507783492128949326 0.95492216407871044481 0.00000000099999999953 
0.99999999799999994554 0.00000000099999999956 0.00000000099999999956 
0.99999999800000005656 0.00000000099999999952 0.00000000099999999952 
0.00032903452629872993 0.99967096447370129564 0.00000000099999999968 
0.00000000099999999996 0.00000000099999999996 0.99999999800000005656 
0.05793608548655995033 0.94206391351343998775 0.00000000099999999956 
0.99999999800000005656 0.00000000099999999958 0.00000000099999999958 
0.98044435911383243099 0.00676028776859807431 0.01279535311756944960 
0.97987423920067151517 0.00981507576079164619 0.01031068503853671200 
0.99168795722323177522 0.00570447261425789057 0.00260757016251031643 
0.99999999800000005656 0.00000000099999999977 0.00000000099999999977 
0.43779406577751422969 0.35652983107965396936 0.20567610314283177320 
0.99999999800000005656 0.00000000099999999997 0.00000000099999999997 
0.98769714047481338426 0.01230285852518655035 0.00000000099999999982 
0.99756016316042817049 0.00243983583957180835 0.00000000099999999966 
0.66440159427993916719 0.28261039291506773186 0.05298801280499306626 
0.99207971633152780555 0.00000000099999999999 0.00792028266847215681 
0.10676788377178773881 0.01372059870030536977 0.87951151752790690530 
0.03714767176297834733 0.00000000099999999999 0.96285232723702152136 
0.94101751545197165338 0.05898248354802836796 0.00000000099999999978 
0.96135961819777515647 0.01465291019321652080 0.02398747160900836090 
0.98557709170433860368 0.01442290729566145409 0.00000000099999999950 
0.99999999799999994554 0.00000000099999999961 0.00000000099999999961 
0.95773607259647108858 0.04226392640352883562 0.00000000099999999987 
0.06462769682849797692 0.01863487317298515022 0.91673742999851692836 
0.00000000099999999968 0.00000000099999999968 0.99999999800000005656 
0.92732556664175991301 0.03132296654303358407 0.04135146681520639883 
0.93070137912838535321 0.01785758633242716734 0.05144103453918753843 
0.00165725972716265053 0.99834273927283734285 0.00000000099999999953 
0.97714491538663117431 0.02285508361336884356 0.00000000099999999958 
0.93824884350185788762 0.03878792471007564552 0.02296323178806643911 
0.89361845411752949264 0.01172212576150861302 0.09465942012096184577 
0.99999999799999994554 0.00000000099999999952 0.00000000099999999952 
0.78986583865503123825 0.09968603738514227042 0.11044812395982643582 
0.99999999799999994554 0.00000000099999999956 0.00000000099999999956 
0.94085883557636240671 0.00000405684437543760 0.05913710757926209788 
0.01783404580270367759 0.01393526020868824343 0.96823069398860805990 
0.99612480184097706992 0.00387519715902280570 0.00000000099999999962 
0.02975943353114053613 0.00941840069562566683 0.96082216577323376061 
0.99999777206694195897 0.00000222693305798395 0.00000000099999999957 
0.00000000099999999985 0.99999999799999994554 0.00000000099999999985 
0.99999999799999994554 0.00000000099999999963 0.00000000099999999963 
0.99999999800000005656 0.00000000099999999959 0.00000000099999999959 
0.10653455950443463385 0.00000000099999999999 0.89346543949556544995 
0.99999999800000005656 0.00000000099999999983 0.00000000099999999983 
0.05862912023235195697 0.00000000099999999999 0.94137087876764791172 
0.04613579708098813209 0.09525320132854019073 0.85861100159047165636 
0.05279962748223605146 0.00000124148942985763 0.94719913102833408480 
0.00000000099999999920 0.00000000099999999920 0.99999999800000005656 
0.01334938564474462061 0.00000000099999999999 0.98665061335525527930 
0.99284883296955250831 0.00715116603044746620 0.00000000099999999969 
0.99999999800000005656 0.00000000099999999967 0.00000000099999999967 
0.99999999799999994554 0.00000000099999999958 0.00000000099999999958 
0.98919380273895729516 0.01080619626104268802 0.00000000099999999953 
0.00000000099999999915 0.00000000099999999915 0.99999999800000005656 
0.00007199560833647096 0.03326547075790523000 0.96666253363375820307 
0.00848510790975568092 0.00000009095512743459 0.99151480113511691883 
0.01495009087454664959 0.98504990812545334400 0.00000000099999999956 
0.01108174309460790291 0.00000000099999999999 0.98891825590539206292 
0.00557124561106099678 0.08810353023014154406 0.90632522415879734901 
0.03529434704468061706 0.03204499115850958924 0.93266066179680973125 
0.33687402944192612608 0.66312596955807379118 0.00000000099999999980 
0.01568619522775993938 0.00000000099999999998 0.98431380377223998135 
0.99999999800000005656 0.00000000099999999954 0.00000000099999999954 
0.98882256930799761196 0.01117742969200247183 0.00000000099999999985 
0.00000000099999999967 0.00000000099999999967 0.99999999800000005656 
0.02655460615481917974 0.01880138082723348952 0.95464401301794732380 
0.00000000099999999948 0.99999999800000005656 0.00000000099999999948 
0.94410490849618811104 0.00000143998344640834 0.05589365152036555873 
0.02017369030593746393 0.00000000099999999998 0.97982630869406261986 
0.12405902672938526332 0.00000416025807274964 0.87593681301254189275 
0.00000006764701961680 0.00000000100000000000 0.99999993135298037572 
0.16431637087998976487 0.24909358665006470224 0.58659004246994550513 
0.01848171824583528383 0.01138129702204571450 0.97013698473211906759 
0.99999999800000005656 0.00000000099999999952 0.00000000099999999952 
0.00000000099999999949 0.99999999800000005656 0.00000000099999999949 
0.00000000099999999921 0.00000000099999999921 0.99999999799999994554 
0.99173335987552224680 0.00826663912447763750 0.00000000099999999967 
0.01933556801139413653 0.98066443098860589522 0.00000000099999999998 
0.00000000099999999913 0.00000000099999999913 0.99999999799999994554 
0.02215203135019042785 0.07445043513535823387 0.90339753351445140073 
0.00000000099999999967 0.99999999799999994554 0.00000000099999999967 
0.99999999800000005656 0.00000000099999999958 0.00000000099999999958 
0.18556741165856954767 0.03154089690888610409 0.78289169143254433436 
0.10426823953936707745 0.00000000099999999999 0.89573175946063288144 
0.00000000099999999945 0.00000000099999999945 0.99999999799999994554 
0.00000000099999999998 0.53459335214966419159 0.46540664685033578118 
0.08261403560543878477 0.02882726266411199736 0.88855870173044926297 
0.00000000099999999966 0.00000000099999999966 0.99999999799999994554 
0.96270796475449460505 0.03729203424550540241 0.00000000099999999983 
0.78358766760383835592 0.03719082861043738336 0.17922150378572421214 
0.02774474502959925482 0.16477118415048883082 0.80748407081991202539 
0.83061373455303799673 0.08503892996381737235 0.08434733548314476970 
0.78239041026582178961 0.13532004033399297471 0.08228954940018537445 
0.19081986690971308729 0.72852361800616916021 0.08065651508411771087 
0.03906418252797707463 0.95056123505969158938 0.01037458241233131517 
0.86974845556880953090 0.06145644643320669759 0.06879509799798380620 
0.96824853872318483727 0.03175146027681510774 0.00000000099999999988 
0.83279493344042532232 0.09671110213875809547 0.07049396442081658221 
0.00000000099999999943 0.00000000099999999943 0.99999999799999994554 
0.95883002636081493542 0.03007443167751647911 0.01109554196166861323 
0.94356022660486316145 0.05643977239513671418 0.00000000099999999993 
0.98544075843400491532 0.01455924056599512337 0.00000000099999999957 
0.96507171562878812932 0.03492828337121181570 0.00000000099999999952 
0.97927601318721224644 0.02072398581278774715 0.00000000099999999995 
0.00000000099999999952 0.99999999799999994554 0.00000000099999999952 
0.00655269513673799493 0.00000000099999999999 0.99344730386326207672 
0.00000000099999999962 0.99999999800000005656 0.00000000099999999962 
0.00000000099999999952 0.99999999800000005656 0.00000000099999999952 
0.00000000099999999962 0.00000000099999999962 0.99999999800000005656 
0.00000000099999999958 0.99999999799999994554 0.00000000099999999958 
0.06795468930807430086 0.93204530969192556089 0.00000000099999999982 
0.95066371599262677883 0.04933628300737318700 0.00000000099999999974 
0.96103033444725005641 0.03896966455274995800 0.00000000099999999980 
0.66160560514048871728 0.13891374166884357111 0.19948065319066771162 
0.06875467470981400098 0.93124532429018602731 0.00000000099999999995 
0.99031942512768544873 0.00968057387231437833 0.00000000099999999954 
0.00000000099999999938 0.00000000099999999938 0.99999999800000005656 
0.00000000099999999998 0.00000032647958932080 0.99999967252041077614 
0.00000000099999999929 0.00000000099999999929 0.99999999799999994554 
0.00000000099999999935 0.00000000099999999935 0.99999999800000005656 
0.00000000099999999953 0.00000000099999999953 0.99999999800000005656 
0.37614500825263808004 0.62385499074736194824 0.00000000099999999976 
0.00000000099999999922 0.00000000099999999922 0.99999999799999994554 
0.00953330889592886137 0.00000000099999999999 0.99046669010407106803 
0.00000000099999999944 0.00000000099999999944 0.99999999799999994554 
0.00000000099999999957 0.00000000099999999957 0.99999999800000005656 
0.99892440910970192736 0.00107558989029792659 0.00000000099999999983 
0.99999999799999994554 0.00000000099999999956 0.00000000099999999956 
0.00000000099999999931 0.00000000099999999931 0.99999999800000005656 
0.37149188345827149904 0.62850811554172836271 0.00000000099999999970 
0.99999999799999994554 0.00000000099999999953 0.00000000099999999953 
0.99999999800000005656 0.00000000099999999963 0.00000000099999999963 
0.99998887512288636703 0.00001112387711366100 0.00000000099999999955 
0.00000000099999999978 0.00000000099999999978 0.99999999799999994554 
0.00000000099999999952 0.99999999800000005656 0.00000000099999999952 
0.99579981025149055807 0.00420018874850948323 0.00000000099999999955 
0.99999999800000005656 0.00000000099999999977 0.00000000099999999977 
0.00000000099999999969 0.00000000099999999969 0.99999999800000005656 
0.00000000099999999951 0.00000000099999999951 0.99999999799999994554 
0.02700043045694051555 0.00000000099999999998 0.97299956854305957865 
0.00000000099999999998 0.01397314597487492316 0.98602685302512504961 
0.00000000099999999984 0.00000000099999999984 0.99999999800000005656 
0.00000000099999999967 0.00000000099999999967 0.99999999799999994554 
0.00000000099999999961 0.00000000099999999961 0.99999999800000005656 
0.99999999800000005656 0.00000000099999999953 0.00000000099999999953 
0.00000000099999999920 0.00000000099999999920 0.99999999800000005656 
0.98687865645114425384 0.01312134254885569291 0.00000000099999999962 
0.04646916860878860106 0.95353083039121133702 0.00000000099999999960 
0.98119638285716326287 0.01880361614283664398 0.00000000099999999953 
0.00000000099999999953 0.00000000099999999953 0.99999999799999994554 
0.00236393310004680713 0.87661444440354530094 0.12102162249640789626 
0.00012339882765097704 0.99987660017234902821 0.00000000099999999958 
0.99999999799999994554 0.00000000099999999950 0.00000000099999999950 
0.92713661708270833639 0.07286338191729158087 0.00000000099999999975 
0.97175275893577117703 0.02824724006422875758 0.00000000099999999960 
0.08683480394117898404 0.89826422789725424156 0.01490096816156677266 
0.98252173657576125088 0.01747826242423883639 0.00000000099999999974 
0.99999999799999994554 0.00000000099999999949 0.00000000099999999949 
0.99745474141095813447 0.00254525758904179319 0.00000000099999999954 
0.01843274395283195366 0.98156725504716801911 0.00000000099999999960 
0.99999999799999994554 0.00000000099999999948 0.00000000099999999948 
0.00000000099999999933 0.00000000099999999933 0.99999999800000005656 
0.00000000099999999997 0.00000000099999999997 0.99999999799999994554 
0.00000000099999999933 0.00000000099999999933 0.99999999799999994554 
0.99999944193402057202 0.00000055706597931746 0.00000000099999999954 
0.01695306120119461149 0.08280081066129020562 0.90024612813751525575 
0.00000000099999999958 0.00000000099999999958 0.99999999800000005656 
0.99999999799999994554 0.00000000099999999949 0.00000000099999999949 
0.99999999800000005656 0.00000000099999999951 0.00000000099999999951 
0.71694568927513402379 0.20746140522156797381 0.07559290550329803016 
0.00000220100782453843 0.99999779799217547449 0.00000000099999999988 
0.99999999799999994554 0.00000000099999999953 0.00000000099999999953 
0.00000000099999999951 0.99999999799999994554 0.00000000099999999951 
0.97921007225686484965 0.02078992674313525843 0.00000000099999999961 
0.92263702529535807084 0.04573800779168602643 0.03162496691295593049 
0.98839732923704703982 0.01160266976295301969 0.00000000099999999954 
0.99999999799999994554 0.00000000099999999950 0.00000000099999999950 
0.84630107750999428173 0.15369892149000560777 0.00000000099999999973 
0.70048636328546443064 0.10262601978362259625 0.19688761693091313965 
0.00000000099999999946 0.99999999800000005656 0.00000000099999999946 
0.99999999799999994554 0.00000000099999999952 0.00000000099999999952 
0.99999999799999994554 0.00000000099999999954 0.00000000099999999954 
0.99999999800000005656 0.00000000099999999955 0.00000000099999999955 
0.37929516834921483959 0.62070483065078507767 0.00000000099999999977 
0.99999999800000005656 0.00000000099999999949 0.00000000099999999949 
0.99999999800000005656 0.00000000099999999952 0.00000000099999999952 
0.97442712759404315204 0.02557287140595689706 0.00000000099999999963 
0.00325865595680774464 0.99674134304319217392 0.00000000099999999951 
0.00000000099999999972 0.99999999800000005656 0.00000000099999999972 
0.37803010680891957485 0.62196989219108023139 0.00000000099999999970 
0.99999999799999994554 0.00000000099999999964 0.00000000099999999964 
0.99999999800000005656 0.00000000099999999955 0.00000000099999999955 
0.99999999800000005656 0.00000000099999999973 0.00000000099999999973 
0.99999999799999994554 0.00000000099999999950 0.00000000099999999950 
0.99999999799999994554 0.00000000099999999957 0.00000000099999999957 
0.99999999799999994554 0.00000000099999999952 0.00000000099999999952 
0.99999999800000005656 0.00000000099999999950 0.00000000099999999950 
0.00000000099999999924 0.00000000099999999924 0.99999999800000005656 
