0.00105429489677642124 0.81500228969303922799 0.18394341541018438546 
0.19798693673700576423 0.00000000099999999998 0.80201306226299429181 
0.00000000099999999993 0.99999999800000005656 0.00000000099999999993 
0.19972846985806869125 0.00000000099999999997 0.80027152914193133704 
0.64625330435924310812 0.00000000099999999999 0.35374669464075675362 
0.26960307582476567001 0.01855247790464830890 0.71184444627058596211 
0.24067422977472965884 0.04062845629444756385 0.71869731393082281201 
0.37155211031837931390 0.00043986844670589558 0.62800802123491472617 
0.35650237910688231668 0.08158225981305065877 0.56191536108006701067 
0.18445573079409666173 0.20496532505227785248 0.61057894415362556906 
0.54579616719143864145 0.00353439974005045681 0.45066943306851098283 
0.41868982555682560109 0.04531380190064161761 0.53599637254253285068 
0.51476488630457173379 0.10830224009487188219 0.37693287360055649504 
0.41110930040370813332 0.11952791056535355674 0.46936278903093830994 
0.50061687752093297910 0.10790923656814539744 0.39147388591092158183 
0.53066369684058278811 0.15930943468770655813 0.31002686847171057050 
0.43463567978993344898 0.00000000100000000000 0.56536431921006646828 
0.39606627242289998980 0.11541782589681107152 0.48851590168028896644 
0.43141898072410267417 0.00000000100000000000 0.56858101827589724309 
0.41742571455155275117 0.00000000099999999999 0.58257428444844727711 
0.47426695603936486201 0.00000000099999999999 0.52573304296063505525 
0.41470729364338615452 0.00047885849156173308 0.58481384786505208329 
0.07108392756104806032 0.09910214879468556837 0.82981392364426642683 
0.21915977288213231433 0.23949501684605792318 0.54134521027180981800 
0.11313537541583791601 0.13565446101323519468 0.75121016357092695870 
0.70613105667569620039 0.02735674111628710534 0.26651220220801680183 
0.20650785848026165237 0.00978543714522229699 0.78370670437451606105 
0.22261760117070358844 0.10363799422406834438 0.67374440460522810881 
0.03512109145504728469 0.50713023858399119970 0.45774866996096152949 
0.30881942751973101569 0.10668070591068211372 0.58449986656958696774 
0.21907759238800353363 0.01830239477269710729 0.76262001283929947704 
0.80612186997718870973 0.00434163580533089132 0.18953649421748047788 
0.82474538411319975317 0.02675544315321071523 0.14849917273358950731 
0.96850701786749615607 0.00000000099999999998 0.03149298113250385139 
0.95182759430797059252 0.00000000099999999999 0.04817240469202947045 
0.98196400471384659436 0.00000000099999999998 0.01803599428615341310 
0.79507308079900940179 0.02283581524933330983 0.18209110395165722940 
0.73876225642427151286 0.08880946123922647817 0.17242828233650203673 
0.99997572692144220952 0.00000000099999999999 0.00002427207855776479 
0.97248672478849362832 0.02751327421150638261 0.00000000099999999999 
0.98151721161764571288 0.01848278738235431540 0.00000000099999999999 
0.19047655895248516433 0.20581194261645877064 0.60371149843105609278 
0.02528658508049839299 0.92130160188096532625 0.05341181303853633627 
0.00000000099999999999 0.95367386161499545505 0.04632613738500466344 
0.15347289635697036747 0.61571187725124498780 0.23081522639178472800 
0.03695080539704271444 0.96296665795053892900 0.00008253665241839413 
0.00000000100000000000 0.47994277628728060359 0.52005722271271936918 
0.44543436396652102971 0.33404796194348934657 0.22051767408998970699 
0.00000000099999999999 0.97313077421939242484 0.02686922478060748548 
0.00000000099999999998 0.95404063263370142423 0.04595936636629865263 
0.97790550676532372876 0.00000000099999999999 0.02209449223467641749 
0.88971734920721590179 0.04349513146789577012 0.06678751932488834198 
0.93434439842515049079 0.06565560057484938483 0.00000000099999999999 
0.61458533245693813818 0.00896076003917882849 0.37645390750388313394 
0.34881367264075946455 0.00000000100000000000 0.65118632635924045271 
0.26722497699665903603 0.39614884372258879486 0.33662617928075211360 
0.22382241211618364440 0.06561646886527970624 0.71056111901853669099 
0.71894474656541462743 0.01515690503420722736 0.26589834840037812613 
0.98471450614689104430 0.01528549285310885388 0.00000000099999999999 
0.95334996002630090217 0.00000000099999999999 0.04665003897369925101 
0.30619388223749932632 0.13290454056159661800 0.56090157720090416671 
0.43328087345300719813 0.00000000099999999999 0.56671912554699266362 
0.99999999800000005656 0.00000000099999999996 0.00000000099999999996 
0.99989643983495901658 0.00000000099999999999 0.00010355916504101170 
0.99999980932437315673 0.00000018967562681260 0.00000000099999999999 
0.85237405598493076742 0.02897913116194120176 0.11864681285312807246 
0.99999998199843520563 0.00000001700156483287 0.00000000099999999999 
0.34080126651676950766 0.05611367129603486714 0.60308506218719559744 
0.92033905306511576416 0.00510999617540011056 0.07455095075948418859 
0.24379311470415904184 0.00000000099999999998 0.75620688429584093093 
0.71146493610724981238 0.00390468488564765272 0.28463037900710258521 
0.27281236487933546719 0.05372130253113324705 0.67346633258953136902 
0.14035446226239772782 0.05565832556281537224 0.80398721217478685830 
0.69153381121369816853 0.02130526357243760216 0.28716092521386421543 
0.50874612011694020364 0.01979985420189565165 0.47145402568116406838 
0.94531205660054584694 0.00787305578410880599 0.04681488761534538523 
0.55518639752456888647 0.05544419835549071335 0.38936940411994042099 
0.99999999800000005656 0.00000000099999999998 0.00000000099999999998 
0.44033204981816342904 0.07531941594207050561 0.48434853423976609310 
0.57058833524681074056 0.06753517566065055100 0.36187648909253866680 
0.12243302927509920608 0.46005812989700728410 0.41750884082789357921 
0.87272364687234049718 0.00000000324996859421 0.12727634987769087527 
0.38994252994344197338 0.01470214601996005718 0.59535532403659807699 
0.87322763881313669732 0.00000000099999999999 0.12677236018686338648 
0.53839451849013941764 0.00738815974714477231 0.45421732176271584214 
0.22764610606215815447 0.07279749370452723300 0.69955640023331466804 
0.42957634578424375160 0.10271637044403052197 0.46770728377172571255 
0.06379240115555599722 0.47230594819859073041 0.46390165064585325849 
0.25271427090051967745 0.09527767107317841599 0.65200805802630190655 
0.28870798550296061791 0.32371902143327313528 0.38757299306376619130 
0.27324289832423881430 0.22813281548108438335 0.49862428619467685786 
0.31100975292423838070 0.09992315985116323462 0.58906708722459844019 
0.40325161677404314231 0.04752710558831080290 0.54922127763764605479 
0.42290452423568852813 0.01806020181620968459 0.55903527394810192952 
0.40973788383550674430 0.18727665316120473138 0.40298546300328846881 
0.91978807608751766978 0.01260845151033771101 0.06760347240214457931 
0.79055114714148888577 0.04131376278192308571 0.16813509007658802852 
0.91157349387328023838 0.00000000099999999998 0.08842650512671981766 
0.98218151105355477881 0.01781848794644515580 0.00000000099999999999 
0.99999999800000005656 0.00000000099999999999 0.00000000099999999999 
0.68723916006330854067 0.00475800300722651042 0.30800283692946495151 
0.83342300165920812915 0.01357074998098184437 0.15300624835980997096 
0.89354039961564679651 0.00000000099999999999 0.10645959938435331504 
0.39036556651624965131 0.16971783879547686080 0.43991659468827359891 
0.95498222206721661287 0.04501777693278329745 0.00000000099999999999 
0.70972963864839244685 0.01597110337433003610 0.27429925797727761072 
0.68786213637401183441 0.13058529557449055636 0.18155256805149760924 
0.87513216833793516791 0.00000000099999999999 0.12486783066206486037 
0.35711536188622688970 0.07295740325265631654 0.56992723486111684927 
0.67147644761542557568 0.02188011399552113392 0.30664343838905333550 
0.40291504499448638210 0.01580498100227802419 0.58127997400323561106 
0.69239113034377330891 0.00000005590240596169 0.30760881375382070901 
0.79744908315584928094 0.00000000099999999999 0.20255091584415063632 
0.99999999800000005656 0.00000000099999999998 0.00000000099999999998 
0.58131373092874560893 0.00000000099999999999 0.41868626807125441935 
0.99999999800000005656 0.00000000099999999996 0.00000000099999999996 
0.99999999800000005656 0.00000000099999999996 0.00000000099999999996 
0.12453987485007995961 0.04134866593366285509 0.83411145921625717836 
0.11824593488517799733 0.00000000099999999998 0.88175406411482204483 
0.97091051037501518994 0.02342431340818959540 0.00566517621679519384 
0.42958199122742629639 0.00000000100000000000 0.57041800777257356536 
0.70346798801366927645 0.00000000099999999999 0.29653201098633075183 
0.00000000099999999999 0.95973950111546746378 0.04026049788453258532 
0.00000000099999999998 0.28053874366687248099 0.71946125533312743627 
0.13454697894191808283 0.42897203041631482012 0.43648099064176715256 
0.00000000099999999998 0.46877005258361442719 0.53122994641638565660 
0.00000000099999999997 0.99999999799999994554 0.00000000099999999997 
0.26179276938350926063 0.00000000099999999999 0.73820722961649065663 
0.57638382423181511172 0.03000778921929932175 0.39360838654888558041 
0.48182873279167021119 0.00000000099999999999 0.51817126620832987260 
0.52414678943839432268 0.06030279842318734401 0.41555041213841836800 
0.60531996029359491640 0.03438069154724172211 0.36029934815916336843 
0.45572798397305036566 0.00000000099999999997 0.54427201502694955160 
0.18060572411578382224 0.09917653311232252356 0.72021774277189365421 
0.44451813130372058724 0.01012941367126553305 0.54535245502501383807 
0.09128371322482284334 0.00432153537157210776 0.90439475140360503502 
0.52679745620982931786 0.00019395851776821786 0.47300858527240241536 
0.29724080515504047728 0.00000137371241141035 0.70275782113254814387 
0.00000000099999999997 0.99999999799999994554 0.00000000099999999997 
0.07274812129355384682 0.59144259287978917516 0.33580928582665703352 
0.04653911511336859819 0.95346088388663141622 0.00000000099999999999 
0.39664249978706278554 0.07493964313940133792 0.52841785707353594592 
0.09112126132278737523 0.90733792136570046161 0.00154081731151216143 
0.47878852093588603056 0.03695098431578883874 0.48426049474832505437 
0.59659216646586288313 0.14245288854387580524 0.26095494499026139490 
0.16346857692883476343 0.00000000099999999999 0.83653142207116526485 
0.68660606574595195450 0.11917714278777927217 0.19421679146626880108 
0.32043706488024809032 0.21012940005383026754 0.46943353506592172542 
0.79397875687601104921 0.02459570797370463219 0.18142553515028445044 
0.77361897025605252942 0.00338231732542310093 0.22299871241852450843 
0.00000000099999999998 0.99999999799999994554 0.00000000099999999998 
0.03899578348024598101 0.58207914033581376057 0.37892507618394022373 
0.16628605498114834571 0.49554224139489944090 0.33817170362395221339 
0.00000000099999999999 0.90924015396430679647 0.09075984503569330120 
0.49158664045767402895 0.08475045617853632640 0.42366290336378964465 
0.65377540115492493999 0.16632127355982884165 0.17990332528524624611 
0.34854252439302396693 0.34827378538152548026 0.30318369022545060831 
0.65671092011427723012 0.17296042831138669360 0.17032865157433604852 
0.00000000099999999999 0.25886613220558302162 0.74113386679441706217 
0.00000000099999999998 0.25706995892962591910 0.74293004007037410918 
0.19083238845018107854 0.00409533933600797744 0.80507227221381105764 
0.61015579053850166336 0.01591345454397596892 0.37393075491752242323 
0.00000000099999999999 0.26224670524779680747 0.73775329375220299877 
0.00000000099999999999 0.08566777289623096758 0.91433222610376907458 
0.00000000099999999999 0.08522595934037106857 0.91477403965962900134 
0.06660042958648651479 0.28038617197807097492 0.65301339843544248254 
0.00000000099999999998 0.99999999800000005656 0.00000000099999999998 
0.39074120213512542055 0.10122897482905000854 0.50802982303582455703 
0.44003771503841537793 0.00000000099999999998 0.55996228396158453933 
0.00000000099999999998 0.29211658360819214852 0.70788341539180765771 
0.54877497876819025802 0.01139766759780375636 0.43982735363400593531 
0.01013739806004966895 0.98986260093995037668 0.00000000100000000000 
0.68211755742553592530 0.02838251441169097056 0.28949992816277320129 
0.06048217703646193572 0.92063855600165478421 0.01887926696188334599 
0.53024134006121093066 0.01908086927152558704 0.45067779066726354475 
0.00000000099999999997 0.99999999799999994554 0.00000000099999999997 
0.11677253371905958745 0.43480978677239601193 0.44841767950854444225 
0.27237065010007593946 0.02576965502009488998 0.70185969487982924342 
0.00000000099999999998 0.46735728593827602362 0.53264271306172383813 
0.23240598255314537379 0.13723126858210296652 0.63036274886475163193 
0.00000000099999999998 0.26965333823915182965 0.73034666076084819863 
0.97949448989526399778 0.02015500478251419994 0.00035050532222175354 
0.99410419406860905944 0.00000454087512076265 0.00589126505627011240 
0.97684194180213013148 0.02315805719786984476 0.00000000100000000000 
0.91966633116130114267 0.01048623861760093756 0.06984743022109800303 
0.00000000099999999997 0.99999999800000005656 0.00000000099999999997 
0.22117885863718356187 0.22604421701479920914 0.55277692434801717347 
0.70922203520000381971 0.04450003059188526594 0.24627793420811100455 
0.63376523840726939341 0.05056946276750631103 0.31566529882522431638 
0.92928030719562126905 0.07061665102683678530 0.00010304177754195398 
0.97235983582116181090 0.00000000099999999999 0.02764016317883813412 
0.96973851675580557963 0.03026131460295436795 0.00000016864124011814 
0.76895419822499699869 0.01659079225380779427 0.21445500952119517235 
0.25447081587393804991 0.17828021899194274047 0.56724896513411926513 
0.26008121294854236183 0.34935034793887531634 0.39056843911258226631 
0.16773007707072976058 0.00000000099999999999 0.83226992192927018444 
0.74426941456366801919 0.05898281879793322580 0.19674776663839882440 
0.23929795449831994802 0.35501536305764908041 0.40568668244403094381 
0.79681531676435457534 0.01490690966255508662 0.18827777357309019579 
0.20715504184058342041 0.36382525615270849828 0.42901970200670819233 
0.27094504175127109846 0.16952858011544516548 0.55952637813328387484 
0.35262504083921208942 0.13566501813126241593 0.51170994102952549465 
0.00000072825265283935 0.99999927074734706878 0.00000000099999999999 
0.00000000099999999998 0.99999999799999994554 0.00000000099999999998 
0.04079446196161257143 0.95920553703838740134 0.00000000099999999999 
0.05751128222553115316 0.41929234435447038098 0.52319637341999847280 
0.10550701516643566646 0.22978541468873270315 0.66470757014483172753 
0.19822130101245100109 0.54742793481080587181 0.25435076417674307159 
0.09928890250555065522 0.42689856350685595476 0.47381253398759343165 
0.89004724098944498767 0.02259109866692367297 0.08736166034363132549 
0.99999999800000005656 0.00000000099999999998 0.00000000099999999998 
0.92335956453737599858 0.02622515188530458868 0.05041528357731937804 
0.00000000099999999999 0.93004945705927166699 0.06995054194072844456 
0.99945893084934311901 0.00054106815065698875 0.00000000099999999999 
0.96839608675170729679 0.00000000099999999999 0.03160391224829270373 
0.99999999799999994554 0.00000000099999999995 0.00000000099999999995 
0.99999999799999994554 0.00000000099999999998 0.00000000099999999998 
0.99999999799999994554 0.00000000099999999995 0.00000000099999999995 
0.88107169108269733915 0.00200047353802432692 0.11692783537927825543 
0.00380942663299241487 0.99249887147775550655 0.00369170188925202957 
0.09018175360892342896 0.45556588298524725023 0.45425236340582925143 
0.00000000099999999999 0.99998673741694277251 0.00001326158305716474 
0.00000000099999999997 0.99999999800000005656 0.00000000099999999997 
0.00950601987465530228 0.20007883858894490170 0.79041514153639980123 
0.07629224235105903917 0.57829148758711879097 0.34541627006182223925 
0.14334256193739600138 0.32856383198234889731 0.52809360608025512906 
0.74110767301130608953 0.04145195366122044617 0.21744037332747351288 
0.81060847735149033078 0.01424310046153776793 0.17514842218697201925 
0.89215507450668274370 0.04423075300629971535 0.06361417248701740912 
0.52384438737944494235 0.06585100929752672749 0.41030460332302837179 
0.82974460652136261540 0.06459428007099636548 0.10566111340764096360 
0.97221140353689095015 0.00515130204899493134 0.02263729441411407167 
0.87130749287882425236 0.02722989673440144240 0.10146261038677432953 
0.00000000100000000000 0.93113416712568608524 0.06886583187431404018 
0.94885250336008153393 0.00000000099999999999 0.05114749563991849435 
0.65231734746784642009 0.03726250347097080640 0.31042014906118275963 
0.79754086689669689836 0.05691680330093191326 0.14554232980237133410 
0.73364643516558747383 0.11084468452350133838 0.15550888031091120167 
0.01603510054507850668 0.86819525544536213513 0.11576964400955941370 
0.00000000099999999997 0.99999999799999994554 0.00000000099999999997 
0.04752520394391481634 0.95247479505608523276 0.00000000099999999999 
0.03070157607935799712 0.94494867366445423063 0.02434975025618790756 
0.00000000099999999997 0.99999999800000005656 0.00000000099999999997 
0.05550096018603284387 0.40733322126848997558 0.53716581854547729158 
0.11845706844813798375 0.09487026685111533963 0.78667266470074670437 
0.00000000099999999998 0.45425238533571077326 0.54574761366428925502 
0.00000000099999999999 0.08490765017024259897 0.91509234882975731828 
0.00000000100000000000 0.04999549037822716840 0.95000450862177288069 
0.02818811457380567334 0.90250189183886786459 0.06930999358732642390 
0.47848199092246906927 0.00000000100000000000 0.52151800807753090350 
0.00000000099999999999 0.99999994163185668139 0.00000005736814333716 
0.00000000099999999996 0.99999999799999994554 0.00000000099999999996 
0.00000000099999999997 0.99999999800000005656 0.00000000099999999997 
0.00000166326644669249 0.99964484160939082180 0.00035349512416253984 
0.61896618153675142526 0.11865734839941884105 0.26237647006382969206 
0.22123464889575472636 0.56604031428695456007 0.21272503681729082459 
0.21041474480313432371 0.38741752835960718837 0.40216772683725837689 
0.12702927018540438597 0.78478553211229817865 0.08818519770229731047 
0.97725834185411919464 0.00000000099999999999 0.02274165714588080242 
0.99999999799999994554 0.00000000099999999997 0.00000000099999999997 
0.82908166199178900957 0.03204580794780875763 0.13887253006040228831 
0.89024249377014519347 0.04486451637323594921 0.06489298985661887120 
0.00000000099999999996 0.99999999799999994554 0.00000000099999999996 
0.00000000099999999992 0.99999999800000005656 0.00000000099999999992 
0.00000000099999999997 0.99999999799999994554 0.00000000099999999997 
0.00000000099999999993 0.99999999800000005656 0.00000000099999999993 
0.30739185876768415628 0.04228597614895340806 0.65032216508336238014 
0.00000000099999999994 0.99999999799999994554 0.00000000099999999994 
0.00000000099999999996 0.99999999799999994554 0.00000000099999999996 
0.00000000099999999994 0.99999999799999994554 0.00000000099999999994 
0.56409589180932251384 0.15376605961408493228 0.28213804857659252612 
0.17500558438478908130 0.33766166622895021909 0.48733274938626075512 
0.09225283705543081691 0.90739412534056529402 0.00035303760400385166 
0.92765437054921306981 0.00157231421916925133 0.07077331523161754789 
0.17353780128436452346 0.29854387469519921838 0.52791832402043625816 
0.00000000099999999995 0.99999999800000005656 0.00000000099999999995 
0.79485726068443762760 0.02068284689962552811 0.18445989241593682695 
0.78549506973827143419 0.03829130391355999030 0.17621362634816867265 
0.88873470356373784895 0.02201344461432234653 0.08925185182193987043 
0.80813912302506962781 0.00152939663868387676 0.19033148033624647244 
0.43845652406172813675 0.00000000099999999998 0.56154347493827183602 
0.06521267723928297899 0.89534188518668744727 0.03944543757402960149 
0.02478476672603373634 0.80842734157757678570 0.16678789169638957857 
0.03995462903357540480 0.92453224792759125528 0.03551312303883334687 
0.53150853605967385285 0.08398440838421070143 0.38450705555611547348 
0.50297044171178628691 0.08138640386634538038 0.41564315442186844374 
0.60308275226180885209 0.07301048282440478210 0.32390676491378639357 
0.37089783220457361868 0.00615590382304795607 0.62294626397237840010 
0.49644995843971173599 0.01268630381369235949 0.49086373774659580738 
0.39843718767459063157 0.06005106238424574167 0.54151174994116368921 
0.73462106769004476003 0.00000000099999999999 0.26537893130995532376 
0.26796634277694708626 0.09134220691100669587 0.64069145031204632890 
0.00000000099999999994 0.99999999800000005656 0.00000000099999999994 
0.25749262902197578295 0.00000000099999999997 0.74250736997802413430 
0.59594370151494790999 0.02175127530193902634 0.38230502318311310184 
0.68437151187872025115 0.00993955099114522851 0.30568893713013456370 
0.55451226247953777637 0.02359887664231169815 0.42188886087815063997 
0.39244217635341749340 0.07062895941927345433 0.53692886422730901064 
0.47817347261086562415 0.01999043561187549903 0.50183609177725896355 
